{"row_nodes": [{"name": "B Cell (CD27-)", "ini": 29, "clust": 27, "rank": 9, "rankvar": 4}, {"name": "B Cell (CD27+)_unassigned", "ini": 28, "clust": 28, "rank": 1, "rankvar": 11}, {"name": "B Cell (Memory)", "ini": 27, "clust": 25, "rank": 5, "rankvar": 23}, {"name": "B Cell (Plasmablast)", "ini": 26, "clust": 26, "rank": 3, "rankvar": 24}, {"name": "CD4- CD8- T Cell", "ini": 25, "clust": 17, "rank": 15, "rankvar": 3}, {"name": "CD4+ CD8+ T Cell", "ini": 24, "clust": 3, "rank": 7, "rankvar": 10}, {"name": "CD4+ T Cell (Central Memory)", "ini": 23, "clust": 13, "rank": 27, "rankvar": 22}, {"name": "CD4+ T Cell (Effector Memory)", "ini": 22, "clust": 14, "rank": 26, "rankvar": 21}, {"name": "CD4+ T Cell (EMRA)", "ini": 21, "clust": 6, "rank": 10, "rankvar": 28}, {"name": "CD4+ T Cell (Naive)", "ini": 20, "clust": 7, "rank": 14, "rankvar": 27}, {"name": "CD4+ T Cell (Treg)", "ini": 19, "clust": 12, "rank": 25, "rankvar": 19}, {"name": "CD8+ T Cell (Central Memory)", "ini": 18, "clust": 10, "rank": 21, "rankvar": 20}, {"name": "CD8+ T Cell (Effector Memory)", "ini": 17, "clust": 11, "rank": 24, "rankvar": 18}, {"name": "CD8+ T Cell (EMRA)", "ini": 16, "clust": 8, "rank": 12, "rankvar": 16}, {"name": "CD8+ T Cell (Naive)", "ini": 15, "clust": 5, "rank": 22, "rankvar": 25}, {"name": "CM- HLADR+_unassigned", "ini": 14, "clust": 22, "rank": 28, "rankvar": 1}, {"name": "CM-_unassigned", "ini": 13, "clust": 20, "rank": 16, "rankvar": 2}, {"name": "Dendritic Cell (Plasmacytoid)", "ini": 12, "clust": 18, "rank": 13, "rankvar": 13}, {"name": "Dendritic Cell (Type 2, CD1c+)", "ini": 11, "clust": 21, "rank": 23, "rankvar": 5}, {"name": "gd T Cell", "ini": 10, "clust": 4, "rank": 8, "rankvar": 14}, {"name": "Granulocyte (Basophil)", "ini": 9, "clust": 2, "rank": 6, "rankvar": 12}, {"name": "Monocyte (CD14- CD16+)", "ini": 8, "clust": 23, "rank": 20, "rankvar": 6}, {"name": "Monocyte (CD14+ CD16-)", "ini": 7, "clust": 19, "rank": 18, "rankvar": 7}, {"name": "Monocyte (CD14+ CD16+)", "ini": 6, "clust": 1, "rank": 4, "rankvar": 9}, {"name": "NK Cell (CD56+ CD16-)", "ini": 5, "clust": 15, "rank": 19, "rankvar": 8}, {"name": "NK Cell (CD56+ CD16+)", "ini": 4, "clust": 16, "rank": 17, "rankvar": 15}, {"name": "NKT Cell", "ini": 3, "clust": 9, "rank": 11, "rankvar": 17}, {"name": "Root_unassigned", "ini": 2, "clust": 24, "rank": 2, "rankvar": 0}, {"name": "T Cell_unassigned", "ini": 1, "clust": 0, "rank": 0, "rankvar": 26}], "col_nodes": [{"name": "B Cell (CD27-)", "ini": 29, "clust": 27, "rank": 9, "rankvar": 4}, {"name": "B Cell (CD27+)_unassigned", "ini": 28, "clust": 28, "rank": 1, "rankvar": 11}, {"name": "B Cell (Memory)", "ini": 27, "clust": 25, "rank": 5, "rankvar": 23}, {"name": "B Cell (Plasmablast)", "ini": 26, "clust": 26, "rank": 3, "rankvar": 24}, {"name": "CD4- CD8- T Cell", "ini": 25, "clust": 17, "rank": 15, "rankvar": 3}, {"name": "CD4+ CD8+ T Cell", "ini": 24, "clust": 3, "rank": 7, "rankvar": 10}, {"name": "CD4+ T Cell (Central Memory)", "ini": 23, "clust": 13, "rank": 27, "rankvar": 22}, {"name": "CD4+ T Cell (Effector Memory)", "ini": 22, "clust": 14, "rank": 26, "rankvar": 21}, {"name": "CD4+ T Cell (EMRA)", "ini": 21, "clust": 6, "rank": 10, "rankvar": 28}, {"name": "CD4+ T Cell (Naive)", "ini": 20, "clust": 7, "rank": 14, "rankvar": 27}, {"name": "CD4+ T Cell (Treg)", "ini": 19, "clust": 12, "rank": 25, "rankvar": 19}, {"name": "CD8+ T Cell (Central Memory)", "ini": 18, "clust": 10, "rank": 21, "rankvar": 20}, {"name": "CD8+ T Cell (Effector Memory)", "ini": 17, "clust": 11, "rank": 24, "rankvar": 18}, {"name": "CD8+ T Cell (EMRA)", "ini": 16, "clust": 8, "rank": 12, "rankvar": 16}, {"name": "CD8+ T Cell (Naive)", "ini": 15, "clust": 5, "rank": 22, "rankvar": 25}, {"name": "CM- HLADR+_unassigned", "ini": 14, "clust": 22, "rank": 28, "rankvar": 1}, {"name": "CM-_unassigned", "ini": 13, "clust": 20, "rank": 16, "rankvar": 2}, {"name": "Dendritic Cell (Plasmacytoid)", "ini": 12, "clust": 18, "rank": 13, "rankvar": 13}, {"name": "Dendritic Cell (Type 2, CD1c+)", "ini": 11, "clust": 21, "rank": 23, "rankvar": 5}, {"name": "gd T Cell", "ini": 10, "clust": 4, "rank": 8, "rankvar": 14}, {"name": "Granulocyte (Basophil)", "ini": 9, "clust": 2, "rank": 6, "rankvar": 12}, {"name": "Monocyte (CD14- CD16+)", "ini": 8, "clust": 23, "rank": 20, "rankvar": 6}, {"name": "Monocyte (CD14+ CD16-)", "ini": 7, "clust": 19, "rank": 18, "rankvar": 7}, {"name": "Monocyte (CD14+ CD16+)", "ini": 6, "clust": 1, "rank": 4, "rankvar": 9}, {"name": "NK Cell (CD56+ CD16-)", "ini": 5, "clust": 15, "rank": 19, "rankvar": 8}, {"name": "NK Cell (CD56+ CD16+)", "ini": 4, "clust": 16, "rank": 17, "rankvar": 15}, {"name": "NKT Cell", "ini": 3, "clust": 9, "rank": 11, "rankvar": 17}, {"name": "Root_unassigned", "ini": 2, "clust": 24, "rank": 2, "rankvar": 0}, {"name": "T Cell_unassigned", "ini": 1, "clust": 0, "rank": 0, "rankvar": 26}], "links": [], "mat": [[1.0, 0.6296676693274612, 0.5978992223063677, 0.508163668144291, 0.4238217710822658, 0.4663113951144745, 0.5667665197528694, 0.5722714194861844, 0.4700040073886331, 0.502061466424425, 0.5309838242019422, 0.5479761060311212, 0.5640832905471597, 0.5092097335535827, 0.5859127487988517, 0.6745285374161815, 0.45197480299894877, 0.4636814340505533, 0.5799999462979526, 0.3246342259550976, 0.353100668265677, 0.5467906100489467, 0.48510243700885125, 0.31040671452840063, 0.5414573350262276, 0.520674161348115, 0.41448364365683066, 0.5389220874099808, 0.13447002588501578], [0.6296676693274612, 1.0, 0.38843001399025856, 0.46600309180990807, 0.30459157932828496, 0.34332491127622045, 0.41934934839998994, 0.4272589758319957, 0.24874463618646592, 0.2850114898585123, 0.37813331714486165, 0.41753898728078886, 0.43450220357429814, 0.34420595185936675, 0.3485505257515201, 0.45520341906386574, 0.35699384252230404, 0.31902664222105137, 0.4757496491365757, 0.2134946790574591, 0.3283618003992912, 0.3440053634714768, 0.3261088598391243, 0.21790253748032717, 0.35015919936439255, 0.3564051989926087, 0.2797769393641423, 0.4377070321809683, 0.10616689158730741], [0.5978992223063677, 0.38843001399025856, 1.0, 0.7999328287277836, 0.36986815743460544, 0.469151427142524, 0.47606434586222746, 0.45274138035802036, 0.3440298120738299, 0.38799273381213906, 0.47455010438707057, 0.4080404707028744, 0.3887526626751566, 0.3112027183897055, 0.46975821320437916, 0.5661673608484313, 0.4049200946895499, 0.3738140740572571, 0.4942657924301239, 0.2437581035897599, 0.29861532872479724, 0.4727594750425854, 0.41419900178657953, 0.25585209999155123, 0.40271690620392275, 0.457598280893702, 0.3496508418645985, 0.37145906122554795, 0.11355344008584745], [0.508163668144291, 0.46600309180990807, 0.7999328287277836, 1.0, 0.31262869311359687, 0.3854374519232816, 0.442855830090608, 0.4314437775958716, 0.26788353444303703, 0.3177671766495802, 0.4298781856361249, 0.3897993275879059, 0.39591293006653805, 0.34052299048653567, 0.42003818283174055, 0.4882523035788848, 0.35967788844454973, 0.3416587647694007, 0.46273387840201186, 0.23097936619401271, 0.33994365285473527, 0.3997047743390627, 0.346763750261025, 0.2229104244218284, 0.30580067265062505, 0.33967521306833737, 0.31668859027178, 0.3118373608090963, 0.13865805007517895], [0.4238217710822658, 0.30459157932828496, 0.36986815743460544, 0.31262869311359687, 1.0, 0.3830646132582678, 0.6394884355496662, 0.6812328284715868, 0.5506448609375078, 0.5448294425278841, 0.6524683993598742, 0.5883170910603763, 0.6351214467275846, 0.5504581039020351, 0.6108116601538089, 0.6990716126816582, 0.6936215125286859, 0.537279514644715, 0.5611681881005182, 0.5812294947226861, 0.4004560314796255, 0.645838477871741, 0.5425276572967751, 0.41552476214216394, 0.6432276588254429, 0.5274576585313705, 0.5734357722908074, 0.37962377062201447, 0.5418135289123994], [0.4663113951144745, 0.34332491127622045, 0.469151427142524, 0.3854374519232816, 0.3830646132582678, 1.0, 0.6617578932913549, 0.6725197945181988, 0.3753812419854581, 0.45615784066783727, 0.604006471341244, 0.6317338231953084, 0.5846845198654426, 0.4317927159767184, 0.4858441160792899, 0.5576439339741219, 0.39332012711946707, 0.38522544746815, 0.548314627816298, 0.36001364102026356, 0.4230981051921754, 0.4403735448661792, 0.5611417573420542, 0.4230216800006873, 0.48623261420395514, 0.5346991961944431, 0.4459357246177803, 0.2679655643493952, 0.14389440292518452], [0.5667665197528694, 0.41934934839998994, 0.47606434586222746, 0.442855830090608, 0.6394884355496662, 0.6617578932913549, 1.0, 0.9404524090961165, 0.6772160480993394, 0.7181240223452743, 0.8795821425285218, 0.7875378082819825, 0.7495529697389859, 0.6076085842947009, 0.7895966111164517, 0.7247064822815069, 0.6073471230668294, 0.6661656147185196, 0.701987821370059, 0.6061273942024595, 0.6001822498646171, 0.6278220805774771, 0.6446834517565818, 0.4309235724110183, 0.6862312273319431, 0.7258676919861683, 0.6394906842424282, 0.4151449945659038, 0.23648355251487962], [0.5722714194861844, 0.4272589758319957, 0.45274138035802036, 0.4314437775958716, 0.6812328284715868, 0.6725197945181988, 0.9404524090961165, 1.0, 0.6692265295914639, 0.6876605899029982, 0.8886155658650183, 0.7843702919173228, 0.7954988329103984, 0.656120796121559, 0.7411746222804522, 0.7281153799171323, 0.5973067333349965, 0.5977594122941409, 0.6864676601856838, 0.5926912445344743, 0.55675833088535, 0.6290928243188073, 0.624850113621735, 0.4123342104713632, 0.6928008287898801, 0.6802449157815088, 0.61967218896469, 0.4351467783760563, 0.26417472788302776], [0.4700040073886331, 0.24874463618646592, 0.3440298120738299, 0.26788353444303703, 0.5506448609375078, 0.3753812419854581, 0.6772160480993394, 0.6692265295914639, 1.0, 0.9037174950734029, 0.6472238857598207, 0.5017626400657657, 0.4921665138135489, 0.5052277882721748, 0.8099215285189045, 0.5893431704785641, 0.44555307586421344, 0.4790852786525853, 0.5274964412605281, 0.45735741992335754, 0.30297229085277655, 0.5274179163170417, 0.4916650039262551, 0.39349035699670976, 0.5588824957864661, 0.5986998403858892, 0.47477214231761933, 0.28813247526198604, 0.22107300831119436], [0.502061466424425, 0.2850114898585123, 0.38799273381213906, 0.3177671766495802, 0.5448294425278841, 0.45615784066783727, 0.7181240223452743, 0.6876605899029982, 0.9037174950734029, 1.0, 0.6825307082616754, 0.5654979230306525, 0.5577202977310599, 0.5521198745975753, 0.8154090870619088, 0.6377645442230415, 0.48822407551283054, 0.49616680585143147, 0.5680776688506505, 0.5386024721828625, 0.3475160398576336, 0.5734451240078086, 0.5090249404498112, 0.3860838840895944, 0.5754486223527807, 0.6866532796181894, 0.5902899389372841, 0.2934291474966052, 0.1835355965894666], [0.5309838242019422, 0.37813331714486165, 0.47455010438707057, 0.4298781856361249, 0.6524683993598742, 0.604006471341244, 0.8795821425285218, 0.8886155658650183, 0.6472238857598207, 0.6825307082616754, 1.0, 0.689834679137681, 0.694422511997458, 0.5509569177915091, 0.6928657597585307, 0.7445505175985889, 0.6202378950050849, 0.61579764556838, 0.6951008462108031, 0.5452498676381065, 0.6332749498779681, 0.6383976820513328, 0.6642014386469524, 0.4326809283495776, 0.6723036160882129, 0.6736182507103735, 0.6080647322937351, 0.4045490699213765, 0.21459423757466767], [0.5479761060311212, 0.41753898728078886, 0.4080404707028744, 0.3897993275879059, 0.5883170910603763, 0.6317338231953084, 0.7875378082819825, 0.7843702919173228, 0.5017626400657657, 0.5654979230306525, 0.689834679137681, 1.0, 0.9555568553292467, 0.6797857847068112, 0.6857154107606541, 0.6821863295453349, 0.5761787139045047, 0.5544011716053735, 0.6365441067031964, 0.5568239688401584, 0.438465793128723, 0.5737789392332842, 0.5773686118414252, 0.45392145462233513, 0.6405790682937665, 0.5782335069663525, 0.5741638776223175, 0.39969162567411565, 0.2632823014462078], [0.5640832905471597, 0.43450220357429814, 0.3887526626751566, 0.39591293006653805, 0.6351214467275846, 0.5846845198654426, 0.7495529697389859, 0.7954988329103984, 0.4921665138135489, 0.5577202977310599, 0.694422511997458, 0.9555568553292467, 1.0, 0.7443252265838289, 0.6526604231735585, 0.705667872512665, 0.5834076154127225, 0.5333507733599656, 0.6448368518493648, 0.5741732807266863, 0.42144042716122043, 0.6041232139191497, 0.5690048967014397, 0.43961151500066364, 0.6481426298133734, 0.588885521036712, 0.6081165939489078, 0.4067707534036249, 0.33940922018192365], [0.5092097335535827, 0.34420595185936675, 0.3112027183897055, 0.34052299048653567, 0.5504581039020351, 0.4317927159767184, 0.6076085842947009, 0.656120796121559, 0.5052277882721748, 0.5521198745975753, 0.5509569177915091, 0.6797857847068112, 0.7443252265838289, 1.0, 0.7089082159636105, 0.6051267732336579, 0.5074569978211334, 0.4652358289908358, 0.5371824067608857, 0.5420123072660006, 0.3401027383313493, 0.5421947114327224, 0.4802157733630549, 0.360759797838788, 0.49566530918491614, 0.5179860027780335, 0.7070494606535832, 0.3333090860103527, 0.2752608588320318], [0.5859127487988517, 0.3485505257515201, 0.46975821320437916, 0.42003818283174055, 0.6108116601538089, 0.4858441160792899, 0.7895966111164517, 0.7411746222804522, 0.8099215285189045, 0.8154090870619088, 0.6928657597585307, 0.6857154107606541, 0.6526604231735585, 0.7089082159636105, 1.0, 0.6689655496598503, 0.541896350448897, 0.5924709835292354, 0.6456024915096529, 0.5298815847342223, 0.3652835924496677, 0.6027608235298748, 0.5705317753112183, 0.3978194317329685, 0.5791420562562073, 0.6620491380912421, 0.6188448996603916, 0.35710400842478607, 0.23936126300905458], [0.6745285374161815, 0.45520341906386574, 0.5661673608484313, 0.4882523035788848, 0.6990716126816582, 0.5576439339741219, 0.7247064822815069, 0.7281153799171323, 0.5893431704785641, 0.6377645442230415, 0.7445505175985889, 0.6821863295453349, 0.705667872512665, 0.6051267732336579, 0.6689655496598503, 1.0, 0.7716240479345691, 0.6991944634683757, 0.816723939421258, 0.5312100397688702, 0.540379193485784, 0.8881991173199967, 0.7530388533585274, 0.5305203742589802, 0.7442768619212067, 0.6280582007365139, 0.6240803302711198, 0.4603961423482883, 0.29880154999628794], [0.45197480299894877, 0.35699384252230404, 0.4049200946895499, 0.35967788844454973, 0.6936215125286859, 0.39332012711946707, 0.6073471230668294, 0.5973067333349965, 0.44555307586421344, 0.48822407551283054, 0.6202378950050849, 0.5761787139045047, 0.5834076154127225, 0.5074569978211334, 0.541896350448897, 0.7716240479345691, 1.0, 0.6140088309587834, 0.6446259861316055, 0.526604175380955, 0.5169271502945952, 0.7431807942954848, 0.649517695149656, 0.4507684645019807, 0.6583145900196337, 0.5345015045098679, 0.5013260938938096, 0.4744536167022926, 0.34858946898884824], [0.4636814340505533, 0.31902664222105137, 0.3738140740572571, 0.3416587647694007, 0.537279514644715, 0.38522544746815, 0.6661656147185196, 0.5977594122941409, 0.4790852786525853, 0.49616680585143147, 0.61579764556838, 0.5544011716053735, 0.5333507733599656, 0.4652358289908358, 0.5924709835292354, 0.6991944634683757, 0.6140088309587834, 1.0, 0.7499586058566113, 0.47197146182512584, 0.5085815882850655, 0.6548506372678037, 0.6294819424934667, 0.44281944826634545, 0.6385262048022827, 0.5685026884012256, 0.44554924667502815, 0.3372630427753739, 0.21418519385942658], [0.5799999462979526, 0.4757496491365757, 0.4942657924301239, 0.46273387840201186, 0.5611681881005182, 0.548314627816298, 0.701987821370059, 0.6864676601856838, 0.5274964412605281, 0.5680776688506505, 0.6951008462108031, 0.6365441067031964, 0.6448368518493648, 0.5371824067608857, 0.6456024915096529, 0.816723939421258, 0.6446259861316055, 0.7499586058566113, 1.0, 0.4378658452244325, 0.5438104721281707, 0.7246958112982166, 0.7719906131076022, 0.4862094294751166, 0.6251940120863334, 0.5517828016947313, 0.49540487696884083, 0.4312150044604177, 0.2187321792274297], [0.3246342259550976, 0.2134946790574591, 0.2437581035897599, 0.23097936619401271, 0.5812294947226861, 0.36001364102026356, 0.6061273942024595, 0.5926912445344743, 0.45735741992335754, 0.5386024721828625, 0.5452498676381065, 0.5568239688401584, 0.5741732807266863, 0.5420123072660006, 0.5298815847342223, 0.5312100397688702, 0.526604175380955, 0.47197146182512584, 0.4378658452244325, 1.0, 0.3348459246407156, 0.5332250609258704, 0.5086221253629069, 0.4072011974546247, 0.4893615292995289, 0.6016828984876497, 0.5610893034412361, 0.42974845765900493, 0.2666662862107372], [0.353100668265677, 0.3283618003992912, 0.29861532872479724, 0.33994365285473527, 0.4004560314796255, 0.4230981051921754, 0.6001822498646171, 0.55675833088535, 0.30297229085277655, 0.3475160398576336, 0.6332749498779681, 0.438465793128723, 0.42144042716122043, 0.3401027383313493, 0.3652835924496677, 0.540379193485784, 0.5169271502945952, 0.5085815882850655, 0.5438104721281707, 0.3348459246407156, 1.0, 0.47217994027478283, 0.5563078325997526, 0.40583059191474224, 0.5276632354752496, 0.49632903936890327, 0.41077439909642544, 0.31268405289383716, 0.12242698273748565], [0.5467906100489467, 0.3440053634714768, 0.4727594750425854, 0.3997047743390627, 0.645838477871741, 0.4403735448661792, 0.6278220805774771, 0.6290928243188073, 0.5274179163170417, 0.5734451240078086, 0.6383976820513328, 0.5737789392332842, 0.6041232139191497, 0.5421947114327224, 0.6027608235298748, 0.8881991173199967, 0.7431807942954848, 0.6548506372678037, 0.7246958112982166, 0.5332250609258704, 0.47217994027478283, 1.0, 0.6873328839365496, 0.4941210697518821, 0.6738643440501247, 0.5477786100053507, 0.6256321452658165, 0.4640611426028224, 0.2938771401297372], [0.48510243700885125, 0.3261088598391243, 0.41419900178657953, 0.346763750261025, 0.5425276572967751, 0.5611417573420542, 0.6446834517565818, 0.624850113621735, 0.4916650039262551, 0.5090249404498112, 0.6642014386469524, 0.5773686118414252, 0.5690048967014397, 0.4802157733630549, 0.5705317753112183, 0.7530388533585274, 0.649517695149656, 0.6294819424934667, 0.7719906131076022, 0.5086221253629069, 0.5563078325997526, 0.6873328839365496, 1.0, 0.7117751716090057, 0.6003221735641086, 0.5204571291982772, 0.47002324711114185, 0.44252616133455547, 0.2622501302619886], [0.31040671452840063, 0.21790253748032717, 0.25585209999155123, 0.2229104244218284, 0.41552476214216394, 0.4230216800006873, 0.4309235724110183, 0.4123342104713632, 0.39349035699670976, 0.3860838840895944, 0.4326809283495776, 0.45392145462233513, 0.43961151500066364, 0.360759797838788, 0.3978194317329685, 0.5305203742589802, 0.4507684645019807, 0.44281944826634545, 0.4862094294751166, 0.4072011974546247, 0.40583059191474224, 0.4941210697518821, 0.7117751716090057, 1.0, 0.4072538272186421, 0.39026188056261557, 0.36624655639206993, 0.2743970638099871, 0.24659446850091338], [0.5414573350262276, 0.35015919936439255, 0.40271690620392275, 0.30580067265062505, 0.6432276588254429, 0.48623261420395514, 0.6862312273319431, 0.6928008287898801, 0.5588824957864661, 0.5754486223527807, 0.6723036160882129, 0.6405790682937665, 0.6481426298133734, 0.49566530918491614, 0.5791420562562073, 0.7442768619212067, 0.6583145900196337, 0.6385262048022827, 0.6251940120863334, 0.4893615292995289, 0.5276632354752496, 0.6738643440501247, 0.6003221735641086, 0.4072538272186421, 1.0, 0.6863929483276602, 0.5659416761729682, 0.3661682870835774, 0.31604356772312014], [0.520674161348115, 0.3564051989926087, 0.457598280893702, 0.33967521306833737, 0.5274576585313705, 0.5346991961944431, 0.7258676919861683, 0.6802449157815088, 0.5986998403858892, 0.6866532796181894, 0.6736182507103735, 0.5782335069663525, 0.588885521036712, 0.5179860027780335, 0.6620491380912421, 0.6280582007365139, 0.5345015045098679, 0.5685026884012256, 0.5517828016947313, 0.6016828984876497, 0.49632903936890327, 0.5477786100053507, 0.5204571291982772, 0.39026188056261557, 0.6863929483276602, 1.0, 0.6487428847950261, 0.2889830763702894, 0.1569250051156985], [0.41448364365683066, 0.2797769393641423, 0.3496508418645985, 0.31668859027178, 0.5734357722908074, 0.4459357246177803, 0.6394906842424282, 0.61967218896469, 0.47477214231761933, 0.5902899389372841, 0.6080647322937351, 0.5741638776223175, 0.6081165939489078, 0.7070494606535832, 0.6188448996603916, 0.6240803302711198, 0.5013260938938096, 0.44554924667502815, 0.49540487696884083, 0.5610893034412361, 0.41077439909642544, 0.6256321452658165, 0.47002324711114185, 0.36624655639206993, 0.5659416761729682, 0.6487428847950261, 1.0, 0.2948817121296343, 0.23319411872336093], [0.5389220874099808, 0.4377070321809683, 0.37145906122554795, 0.3118373608090963, 0.37962377062201447, 0.2679655643493952, 0.4151449945659038, 0.4351467783760563, 0.28813247526198604, 0.2934291474966052, 0.4045490699213765, 0.39969162567411565, 0.4067707534036249, 0.3333090860103527, 0.35710400842478607, 0.4603961423482883, 0.4744536167022926, 0.3372630427753739, 0.4312150044604177, 0.42974845765900493, 0.31268405289383716, 0.4640611426028224, 0.44252616133455547, 0.2743970638099871, 0.3661682870835774, 0.2889830763702894, 0.2948817121296343, 1.0, 0.18117725929418937], [0.13447002588501578, 0.10616689158730741, 0.11355344008584745, 0.13865805007517895, 0.5418135289123994, 0.14389440292518452, 0.23648355251487962, 0.26417472788302776, 0.22107300831119436, 0.1835355965894666, 0.21459423757466767, 0.2632823014462078, 0.33940922018192365, 0.2752608588320318, 0.23936126300905458, 0.29880154999628794, 0.34858946898884824, 0.21418519385942658, 0.2187321792274297, 0.2666662862107372, 0.12242698273748565, 0.2938771401297372, 0.2622501302619886, 0.24659446850091338, 0.31604356772312014, 0.1569250051156985, 0.23319411872336093, 0.18117725929418937, 1.0]], "cat_colors": {"row": {}, "col": {}}, "global_cat_colors": {}, "matrix_colors": {"pos": "red", "neg": "blue"}, "linkage": {"row": [[6.0, 7.0, 0.0011182759156233013, 2.0], [11.0, 12.0, 0.0011727602390965153, 2.0], [10.0, 29.0, 0.002808837703730971, 3.0], [8.0, 9.0, 0.0029803594808378575, 2.0], [15.0, 21.0, 0.003523558439671448, 2.0], [14.0, 32.0, 0.009463989231960845, 3.0], [18.0, 33.0, 0.009769208886517, 3.0], [2.0, 3.0, 0.012330607842766628, 2.0], [16.0, 35.0, 0.013567423058562844, 4.0], [30.0, 31.0, 0.014188273605418762, 5.0], [13.0, 26.0, 0.015901352691624737, 2.0], [22.0, 37.0, 0.01593617507305009, 5.0], [17.0, 40.0, 0.017303557420457215, 6.0], [24.0, 25.0, 0.018025489493351587, 2.0], [38.0, 42.0, 0.020137644743119222, 7.0], [39.0, 43.0, 0.027066237493269387, 9.0], [4.0, 41.0, 0.028962810847498705, 7.0], [44.0, 45.0, 0.030872848765856758, 16.0], [34.0, 46.0, 0.037257905115672264, 19.0], [0.0, 1.0, 0.03742880122837766, 2.0], [19.0, 47.0, 0.040933957898732755, 20.0], [5.0, 49.0, 0.04926143978053059, 21.0], [20.0, 50.0, 0.05990478839478876, 22.0], [36.0, 48.0, 0.06556955555351351, 4.0], [23.0, 51.0, 0.06924604085742239, 23.0], [27.0, 52.0, 0.08872365632771156, 5.0], [53.0, 54.0, 0.09690478232400172, 28.0], [28.0, 55.0, 0.2185649194878537, 29.0]], "col": [[6.0, 7.0, 0.0011182759156233013, 2.0], [11.0, 12.0, 0.0011727602390965153, 2.0], [10.0, 29.0, 0.002808837703730971, 3.0], [8.0, 9.0, 0.0029803594808378575, 2.0], [15.0, 21.0, 0.003523558439671448, 2.0], [14.0, 32.0, 0.009463989231960845, 3.0], [18.0, 33.0, 0.009769208886517, 3.0], [2.0, 3.0, 0.012330607842766628, 2.0], [16.0, 35.0, 0.013567423058562844, 4.0], [30.0, 31.0, 0.014188273605418762, 5.0], [13.0, 26.0, 0.015901352691624737, 2.0], [22.0, 37.0, 0.01593617507305009, 5.0], [17.0, 40.0, 0.017303557420457215, 6.0], [24.0, 25.0, 0.018025489493351587, 2.0], [38.0, 42.0, 0.020137644743119222, 7.0], [39.0, 43.0, 0.027066237493269387, 9.0], [4.0, 41.0, 0.028962810847498705, 7.0], [44.0, 45.0, 0.030872848765856758, 16.0], [34.0, 46.0, 0.037257905115672264, 19.0], [0.0, 1.0, 0.03742880122837766, 2.0], [19.0, 47.0, 0.040933957898732755, 20.0], [5.0, 49.0, 0.04926143978053059, 21.0], [20.0, 50.0, 0.05990478839478876, 22.0], [36.0, 48.0, 0.06556955555351351, 4.0], [23.0, 51.0, 0.06924604085742239, 23.0], [27.0, 52.0, 0.08872365632771156, 5.0], [53.0, 54.0, 0.09690478232400172, 28.0], [28.0, 55.0, 0.2185649194878537, 29.0]]}, "views": []}